{
 "cells": [
  {
   "cell_type": "markdown",
   "metadata": {},
   "source": [
    "# MÓDULO 15\n",
    "## Modelo seleccionado RandomForestClassifier\n",
    "### Este modelo surge como mejora de los árboles de decisión tradicionales, mediante técnincas de ensamblado de modelos. Mediante este modelo, se construyen los árboles del cojunto a partir de muestras con reemplazo del conjunto de entrenamientos. Las divisiones se realizan entre un subconjunto alatorio de las características, permitiendo un modelo globalmente mejor que los árboles tradicionales\n",
    "### Es conocido la importancia de conocer las features que guardan correalción entre sí. Además, para este tipo de modelos es imprescindible eliminar este tipo de variables, dado que perjudican notablemente el modelo. Por ello previamente se han buscado variables que guarden correlación.\n",
    "### Adquisición de datos y conocimiento general del subconjunto:"
   ]
  },
  {
   "cell_type": "code",
   "execution_count": 1,
   "metadata": {},
   "outputs": [
    {
     "name": "stdout",
     "output_type": "stream",
     "text": [
      "Percent of ones:  0.35804997951659157\n",
      "Percent of zeros:  0.6419500204834084\n",
      "No exist errors\n"
     ]
    }
   ],
   "source": [
    "import numpy as np\n",
    "import requests\n",
    "import json\n",
    "import pandas as pd\n",
    "\n",
    "X_train = np.load(open('X_train.npy', 'rb'))\n",
    "Y_train = np.load(open('Y_train.npy', 'rb'))\n",
    "X_test = np.load(open('X_test.npy', 'rb'))\n",
    "\n",
    "num_examples = len(Y_train)\n",
    "# X_train.shape\n",
    "ceros = 0\n",
    "unos = 0\n",
    "errors = 0\n",
    "for i in range(0, num_examples):\n",
    "    if Y_train[i] == 0:\n",
    "        ceros += 1\n",
    "    elif Y_train[i] == 1:\n",
    "        unos += 1\n",
    "    else:\n",
    "        errors += 1\n",
    "\n",
    "print(\"Percent of ones: \", unos / num_examples)\n",
    "print(\"Percent of zeros: \", ceros / num_examples)\n",
    "\n",
    "if errors == 0:\n",
    "    print(\"No exist errors\")"
   ]
  },
  {
   "cell_type": "markdown",
   "metadata": {},
   "source": [
    "### Con esto se tiene un conocimiento general del conjunto de datos, número de características (10), cantidad de muestras etc.. Se destaca que existe un porcentaje de \"unos\" que representan personas con apnea del sueño. Objetivo del modelo predictivo, adelantamos que será imprescindible predecir los \"unos\", más que los \"ceros\"."
   ]
  },
  {
   "cell_type": "markdown",
   "metadata": {},
   "source": [
    "# <>"
   ]
  },
  {
   "cell_type": "markdown",
   "metadata": {},
   "source": [
    "### Para conocer si existen variables que guarden correlación se presenta el siguiente proceso:"
   ]
  },
  {
   "cell_type": "code",
   "execution_count": 2,
   "metadata": {},
   "outputs": [
    {
     "name": "stdout",
     "output_type": "stream",
     "text": [
      "[[ 1.          0.52295695  0.34034561  0.34034561  0.52097864  0.52097864\n",
      "   0.52242635  0.48986074  0.23642508  0.79421132]\n",
      " [ 0.52295695  1.          0.30425823  0.30425823  0.40995858  0.40995858\n",
      "   0.9856579   0.57623022  0.03064528  0.00709843]\n",
      " [ 0.34034561  0.30425823  1.          1.          0.9589581   0.9589581\n",
      "   0.28171607  0.42065925  0.02495205  0.30957702]\n",
      " [ 0.34034561  0.30425823  1.          1.          0.9589581   0.9589581\n",
      "   0.28171607  0.42065925  0.02495205  0.30957702]\n",
      " [ 0.52097864  0.40995858  0.9589581   0.9589581   1.          1.\n",
      "   0.38752069  0.52920335  0.05951217  0.41762855]\n",
      " [ 0.52097864  0.40995858  0.9589581   0.9589581   1.          1.\n",
      "   0.38752069  0.52920335  0.05951217  0.41762855]\n",
      " [ 0.52242635  0.9856579   0.28171607  0.28171607  0.38752069  0.38752069\n",
      "   1.          0.57553323  0.01720085  0.00388973]\n",
      " [ 0.48986074  0.57623022  0.42065925  0.42065925  0.52920335  0.52920335\n",
      "   0.57553323  1.          0.0605664   0.10407094]\n",
      " [ 0.23642508  0.03064528  0.02495205  0.02495205  0.05951217  0.05951217\n",
      "   0.01720085  0.0605664   1.          0.23931552]\n",
      " [ 0.79421132  0.00709843  0.30957702  0.30957702  0.41762855  0.41762855\n",
      "   0.00388973  0.10407094  0.23931552  1.        ]]\n"
     ]
    }
   ],
   "source": [
    "XtrainFrame = pd.DataFrame(X_train)\n",
    "\n",
    "correlacion = XtrainFrame.corr(method='pearson')\n",
    "\n",
    "matrixCorrelacion = correlacion.as_matrix()\n",
    "\n",
    "print(matrixCorrelacion)"
   ]
  },
  {
   "cell_type": "markdown",
   "metadata": {},
   "source": [
    "### Se acaba de presentar el coeficiente de pearson entre todas las variables, este coeficiente nos define cómo una variable tiene correlación entre otra, si el coeficiente se aproxima a 0, no existe correlación entre estas variables, pero si se aproxima a 1 tendrá una correlación positiva, si una incrementa la otra también (de forma análoga si se aproxima a -1\n",
    "### Como podemos comprobar existen varias variables que guardan correlación absoluta:\n",
    "#### Correlación entre la variable 5 y 6 es de 1\n",
    "#### Correlación entre la variable 3 y 4 es de 1\n",
    "#### Y además, como existe un coeficiente de correlación entre 5/6 y 3/4 de 0.96 se puede decir que también existe correlación entre estos grupos\n",
    "#### Finalmente existe correlación entre 2 y 7 de 0.98\n"
   ]
  },
  {
   "cell_type": "code",
   "execution_count": 3,
   "metadata": {
    "collapsed": true
   },
   "outputs": [],
   "source": [
    "X_train = np.delete(X_train, [3, 4, 5, 6], 1)\n",
    "X_test = np.delete(X_test, [3, 4, 5, 6], 1)"
   ]
  },
  {
   "cell_type": "markdown",
   "metadata": {},
   "source": [
    "#### Eliminamos, por tanto, las características 4,5,6,7"
   ]
  },
  {
   "cell_type": "markdown",
   "metadata": {},
   "source": [
    "# <>"
   ]
  },
  {
   "cell_type": "code",
   "execution_count": 4,
   "metadata": {
    "collapsed": true
   },
   "outputs": [],
   "source": [
    "PORCENTAJE_TEST = 0.15\n",
    "\n",
    "XtestPrevio = X_train[int(np.floor((1 - PORCENTAJE_TEST)) * len(X_train)):, :]\n",
    "ytestPrevio = Y_train[int(np.floor((1 - PORCENTAJE_TEST)) * len(Y_train)):]\n",
    "\n",
    "Xtrainingval = X_train[0:int(np.floor((1 - PORCENTAJE_TEST) * len(X_train))), :]\n",
    "ytrainingval = Y_train[0:int(np.floor((1 - PORCENTAJE_TEST) * len(X_train)))]"
   ]
  },
  {
   "cell_type": "markdown",
   "metadata": {},
   "source": [
    "### Preparamos nuestras matrices de test y entrenamiento"
   ]
  },
  {
   "cell_type": "markdown",
   "metadata": {},
   "source": [
    "# <>"
   ]
  },
  {
   "cell_type": "code",
   "execution_count": 5,
   "metadata": {},
   "outputs": [
    {
     "name": "stdout",
     "output_type": "stream",
     "text": [
      "Entrenando el modelo\n"
     ]
    },
    {
     "data": {
      "text/plain": [
       "RandomForestClassifier(bootstrap=True, class_weight='balanced',\n",
       "            criterion='gini', max_depth=None, max_features=1,\n",
       "            max_leaf_nodes=None, min_impurity_split=1e-07,\n",
       "            min_samples_leaf=1, min_samples_split=2,\n",
       "            min_weight_fraction_leaf=0.0, n_estimators=125, n_jobs=1,\n",
       "            oob_score=False, random_state=None, verbose=0,\n",
       "            warm_start=False)"
      ]
     },
     "execution_count": 5,
     "metadata": {},
     "output_type": "execute_result"
    }
   ],
   "source": [
    "from sklearn.ensemble import RandomForestClassifier\n",
    "\n",
    "classifier = RandomForestClassifier(n_estimators=125, max_features=1, class_weight='balanced')\n",
    "print(\"Entrenando el modelo\")\n",
    "classifier.fit(Xtrainingval, ytrainingval)"
   ]
  },
  {
   "cell_type": "markdown",
   "metadata": {},
   "source": [
    "# <>"
   ]
  },
  {
   "cell_type": "markdown",
   "metadata": {},
   "source": [
    "### Extraemos nuestra predicción y los resultados"
   ]
  },
  {
   "cell_type": "code",
   "execution_count": 6,
   "metadata": {},
   "outputs": [
    {
     "name": "stdout",
     "output_type": "stream",
     "text": [
      "Predicción\n",
      "TP\n",
      "2502\n",
      "TN\n",
      "4625\n",
      "FP\n",
      "76\n",
      "FN\n",
      "76\n",
      "ACCURACY\n",
      "0.9732350129728253\n",
      "True positive rate\n",
      "0.954233409611\n"
     ]
    }
   ],
   "source": [
    "print(\"Predicción\")\n",
    "Y_predtest = classifier.predict(XtestPrevio)\n",
    "\n",
    "\n",
    "\n",
    "lenTest = len(Y_predtest)\n",
    "\n",
    "print(\"TP\")\n",
    "TP = 0\n",
    "for i in range(lenTest):\n",
    "    if Y_predtest[i] == 1:\n",
    "        if ytestPrevio[i]== 1:\n",
    "            TP += 1\n",
    "print(TP)\n",
    "\n",
    "print(\"TN\")\n",
    "TN = 0\n",
    "for i in range(lenTest):\n",
    "    if Y_predtest[i] == 0:\n",
    "        if ytestPrevio[i] == 0:\n",
    "            TN += 1\n",
    "print(TN)\n",
    "\n",
    "print(\"FP\")\n",
    "FP = 0\n",
    "for i in range(lenTest):\n",
    "    if Y_predtest[i] == 1:\n",
    "        if ytestPrevio[i] == 0:\n",
    "            FP += 1\n",
    "print(FP)\n",
    "\n",
    "print(\"FN\")\n",
    "FN = 0\n",
    "for i in range(lenTest):\n",
    "    if Y_predtest[i] == 1:\n",
    "        if ytestPrevio[i] == 0:\n",
    "            FN += 1\n",
    "print(FN)\n",
    "\n",
    "print(\"ACCURACY\")\n",
    "print((TP+TN)/lenTest)\n",
    "\n",
    "print(\"True positive rate\")\n",
    "print(TP/(sum(ytestPrevio == 1)))"
   ]
  },
  {
   "cell_type": "markdown",
   "metadata": {},
   "source": [
    "### Donde el n_estimators se ha buscado con el objetivo de mejorar el término de True_Positive_Rate, dado que se considera más preciso obtener las mejores predicciones para predecir los positives. El término de accuracy de podría mejorar pero a costa de una peor predicción de este coeficiente.\n",
    "### max_depth: none (relacionada con la máxima profundidad del árbol, en nuestro caso el arbol se expande hasta que las hojas sean puras, sin límite de expansión)\n",
    "### max_features: 1, este parámetro fija la cantidad que se considerarn cuando se busca por la mejor división\n",
    "### class_wieght: balanced, no existe ponderación entre clases, consideramos una ponderación balanceada, es decir, sin la existencia de pesos asociados a cada una."
   ]
  }
 ],
 "metadata": {
  "kernelspec": {
   "display_name": "Python 3",
   "language": "python",
   "name": "python3"
  },
  "language_info": {
   "codemirror_mode": {
    "name": "ipython",
    "version": 3
   },
   "file_extension": ".py",
   "mimetype": "text/x-python",
   "name": "python",
   "nbconvert_exporter": "python",
   "pygments_lexer": "ipython3",
   "version": "3.6.1"
  }
 },
 "nbformat": 4,
 "nbformat_minor": 2
}
